76677.527131 -300974.842984
76703.865483 -300735.334002
76790.746443 -300720.136163
76962.606826 -300719.140577
77232.793621 -300717.556842
77593.462127 -300684.325459
77864.412244 -300675.519103
78138.114993 -300673.216311
78277.442280 -300664.210514
78425.881535 -300663.999624
78576.135649 -300661.266400
78725.075188 -300661.147642
78874.066353 -300659.156033
79014.608537 -300659.040689
79161.406322 -300659.040688
79411.217147 -300659.040688
79975.317788 -300659.040687
80462.582903 -300659.040687
