72079.715577 -300864.183285
72106.726758 -300715.063511
72201.630245 -300697.304113
72403.477642 -300693.192239
72703.106537 -300691.097596
73050.847177 -300670.171600
73327.071839 -300668.845062
73578.483767 -300668.583271
73815.809244 -300668.333336
74035.855404 -300667.855390
74255.651191 -300667.708821
74473.942921 -300665.521768
74697.324227 -300664.051873
74832.732235 -300654.324556
74984.668394 -300654.052691
75140.082575 -300653.894250
75295.810553 -300653.894215
75603.631806 -300653.894212
76183.955881 -300653.894211
76640.115051 -300653.894211
