68516.490212 -301031.832982
68543.244180 -300818.192144
68631.124216 -300742.379488
68819.296067 -300737.810714
69032.204058 -300690.736937
69228.685147 -300682.134533
69407.135171 -300671.379774
69575.661439 -300668.829281
69743.004577 -300668.529156
69904.846219 -300668.244596
70083.874146 -300665.579912
70230.252132 -300652.115394
70381.553193 -300651.819192
70534.048024 -300651.599927
70687.207704 -300651.599658
70988.778285 -300651.599548
71579.324714 -300651.599503
72048.388305 -300651.599503
