54409.739743 -300934.722599
54437.435074 -300765.653000
54530.474735 -300762.122979
54739.517515 -300754.254539
55033.537466 -300753.124129
55369.746601 -300751.541890
55791.538901 -300694.108238
56112.445448 -300681.389556
56413.425542 -300669.700668
56652.202967 -300669.634698
56881.799566 -300666.911984
57012.069774 -300658.006135
57160.154211 -300657.175078
57310.639612 -300656.924113
57462.808053 -300656.924109
57748.076686 -300656.829663
57937.798088 -300656.823665
58267.927598 -300656.822888
58834.297506 -300656.822786
59316.842828 -300656.822786
