63714.771222 -300900.994691
63742.143253 -300695.761397
63837.050117 -300692.895230
64047.552435 -300685.929486
64357.344462 -300683.469309
64724.082540 -300667.795826
65049.730116 -300666.575632
65318.981531 -300666.219210
65562.825518 -300663.984886
65795.001055 -300663.956409
66024.815326 -300661.660455
66248.529884 -300661.329786
66480.989761 -300659.883000
66614.302851 -300659.118687
66764.048361 -300658.829020
66916.923202 -300658.651924
67069.828476 -300658.651868
67364.267485 -300658.651857
67992.812583 -300658.651854
68473.691157 -300658.651854
