41.874698 -300880.818206
72.932259 -300722.946793
247.891703 -300718.390385
459.006249 -300718.358155
831.381380 -300716.788507
1190.615735 -300687.737931
1517.131588 -300675.109260
1803.471625 -300670.572905
2046.609307 -300667.211763
2281.178705 -300666.742941
2508.308953 -300666.400908
2739.005361 -300665.993896
2972.006246 -300665.811797
3198.607358 -300665.718573
3430.058760 -300663.663239
3666.963059 -300662.517664
3804.242602 -300653.594053
3953.710216 -300652.792075
4106.299733 -300652.524315
4259.596429 -300652.361183
4414.899502 -300652.361156
4709.911787 -300652.156147
4900.635398 -300652.142826
5235.232404 -300652.140289
5799.918740 -300652.139806
6275.842450 -300652.139806
