80492.289052 -300994.462015
80518.841088 -300723.608368
80595.282773 -300721.200557
80764.039497 -300717.607051
81020.866633 -300714.426606
81335.390589 -300712.577204
81743.269358 -300678.552475
82078.263581 -300673.493850
82351.206074 -300668.818647
82591.885715 -300668.562926
82816.267961 -300668.426653
83035.036068 -300666.443833
83254.029633 -300665.274271
83382.296519 -300656.352076
83529.809336 -300656.352000
83817.804354 -300656.256912
84006.100980 -300656.242067
84341.210810 -300656.239027
84895.713797 -300656.238408
85358.710020 -300656.238408
