89376.702461 -300932.217323
89403.112487 -300749.729174
89487.174274 -300717.300305
89678.136127 -300707.199703
89971.467111 -300706.448591
90333.064606 -300678.960658
90580.765101 -300668.194800
90836.298825 -300667.816482
91060.697002 -300667.402853
91273.511205 -300665.643461
91483.036419 -300665.493472
91682.875137 -300665.189409
91813.818334 -300664.368620
91957.422834 -300664.093757
92103.180284 -300664.093510
92361.806185 -300663.820172
92548.329396 -300663.811432
92855.537237 -300663.810239
93435.715105 -300663.810074
93933.363997 -300663.810074
