59354.590359 -300879.448057
59381.525283 -300710.179982
59473.638787 -300694.981328
59683.199181 -300690.207578
59991.978115 -300688.765419
60397.994828 -300661.514829
60703.645847 -300652.849408
60969.809439 -300652.506795
61204.474310 -300650.121181
61424.663317 -300649.805937
61644.369478 -300649.746340
61870.312913 -300648.388007
62007.121713 -300647.575462
62159.113830 -300647.317491
62316.352817 -300647.317481
62629.233782 -300647.317478
63219.917449 -300647.317477
63679.147041 -300647.317477
