49208.889347 -301036.297949
49235.591022 -300734.795265
49320.624703 -300706.892395
49492.719915 -300703.317616
49756.351189 -300697.341231
50068.819679 -300696.537629
50083.589037 -300690.613849
50481.979301 -300669.873561
50858.969843 -300661.560701
51154.621201 -300658.728189
51393.593457 -300657.781355
51620.178811 -300656.964040
51850.491648 -300655.862546
51980.703997 -300651.623553
52130.227021 -300651.238861
52282.169826 -300650.547896
52434.922134 -300650.544356
52723.844022 -300650.341168
52920.848696 -300650.328512
53250.726832 -300650.326153
53886.311062 -300650.325720
54371.539337 -300650.325720
